15,4
15,5
4294967294,1144
4294967294,1143
4294967294,1142
4294967294,1141
4294967294,1140
4294967294,1139
4294967294,1138
4294967294,1137
4294967294,1136
4294967294,1135
4294967294,1134
4294967294,1133
4294967294,1132
4294967294,1131
4294967294,1130
4294967294,1129
4294967294,1128
4294967294,1127
4294967294,1126
4294967294,1125
4294967294,1124
4294967294,1123
4294967294,1122
4294967294,1121
4294967294,1120
4294967294,1119
4294967294,1118
4294967294,1117
4294967279,2
4294967294,589
4294967294,587
4294967294,588
4294967294,598
4294967294,577
55,7
55,6
55,5
55,4
55,3
55,2
55,1
4294967294,578
55,0
4294967294,582
4294967294,603
4294967294,602
4294967294,585
4294967294,584
47,6
47,5
47,4
47,3
47,2
47,1
47,0
4294967294,586
31,7
31,6
31,5
31,4
31,1
4294967294,1087
4294967294,1086
4294967294,1085
4294967294,1070
4294967294,1064
4294967294,1063
4294967294,1061
4294967294,1054
4294967294,1053
4294967294,1052
4294967294,23
4294967294,22
4294967294,21
4294967294,11
4294967294,10
4294967294,9
4294967294,35
4294967294,34
4294967294,33
4294967294,32
4294967294,31
4294967294,30
54,7
54,6
54,5
54,4
54,3
54,2
54,1
54,0
4294967294,1055
4294967294,1056
46,7
46,6
46,5
46,4
46,3
46,2
46,1
46,0
4294967294,7
4294967294,6
38,7
38,6
38,5
38,4
38,3
38,2
38,1
38,0
30,8
30,7
30,6
30,5
30,4
30,3
30,2
30,1
14,6
14,5
14,4
14,1
21,1
21,6
4294967294,475
4294967294,473
4294967294,1516
4294967294,1515
4294967294,1514
4294967294,1513
4294967294,1511
4294967294,1510
4294967294,1508
4294967294,1503
4294967294,1502
4294967294,1501
4294967294,1495
4294967294,1494
4294967294,1491
4294967294,1490
4294967294,1489
4294967294,1487
4294967294,1486
4294967294,1485
4294967294,1483
4294967294,1482
4294967294,1480
4294967294,1479
4294967294,481
4294967294,480
4294967294,478
4294967294,476
4294967294,472
61,7
61,6
61,5
61,4
61,3
61,2
61,1
61,0
4294967294,1512
4294967294,1472
4294967294,1488
4294967294,455
4294967294,452
4294967294,460
4294967294,482
5,14
5,13
60,4
60,1
60,5
4,1
4,4
4294967294,1422
4294967294,1448
4294967294,1445
4294967294,1444
4294967294,1442
4294967294,1441
4294967294,1437
4294967294,1433
4294967294,1432
4294967294,1430
4294967294,1413
4294967294,1411
4294967294,1410
4294967294,1408
4294967294,434
4294967294,443
4294967294,1415
4294967294,1409
4294967294,1406
4294967294,1405
4294967294,1403
4294967294,1399
4294967294,1393
4294967294,1392
4294967294,1391
4294967294,1390
4294967294,1389
4294967294,1387
4294967294,1377
4294967294,1376
4294967294,1373
4294967294,1371
4294967294,1370
4294967294,1367
4294967294,1366
4294967294,1365
4294967294,1364
4294967294,1359
4294967294,1355
4294967294,1353
4294967294,1349
4294967294,1345
4294967294,1344
4294967279,260
59,7
59,6
59,5
59,4
59,3
59,2
59,1
59,0
4294967294,1396
4294967294,1378
51,7
51,6
51,5
51,1
51,4
51,3
4294967278,260
2,1
2,4
4294967294,1340
4294967294,1337
4294967294,1336
4294967294,1331
4294967294,1330
4294967294,1329
4294967294,1325
4294967294,1323
4294967294,1320
4294967294,1319
4294967294,1318
4294967294,1315
4294967294,1314
4294967294,1313
4294967294,1310
4294967294,1308
4294967294,1306
4294967294,1305
4294967294,1300
4294967294,1297
4294967294,1295
4294967294,1294
4294967294,1292
4294967294,1291
4294967294,1286
4294967294,1285
4294967294,1284
4294967294,1283
4294967294,313
4294967294,311
4294967294,308
4294967294,307
4294967294,305
4294967294,299
4294967294,296
4294967294,295
4294967294,291
4294967294,287
4294967294,286
4294967294,284
4294967294,283
4294967294,1281
33,4
4294967294,1217
4294967294,1216
4294967294,255
4294967294,254
4294967294,253
4294967294,252
4294967294,251
4294967294,250
4294967294,249
4294967294,248
4294967294,247
4294967294,246
4294967294,245
4294967294,242
4294967294,240
4294967294,233
4294967294,231
4294967294,229
4294967294,228
4294967294,225
4294967294,224
4294967294,223
4294967294,222
4294967294,220
4294967294,217
4294967294,216
4294967294,215
4294967294,211
4294967294,210
4294967294,205
4294967294,204
4294967294,200
4294967294,197
4294967294,195
4294967294,193
4294967294,192
4294967279,174
57,7
57,6
57,5
57,1
57,4
57,3
8,5
4294967294,703
4294967294,702
4294967294,701
4294967294,700
4294967294,699
4294967294,698
4294967294,697
4294967294,696
4294967294,695
4294967294,694
4294967294,693
4294967294,187
4294967279,88
4294967278,174
56,7
56,6
56,5
56,4
56,3
56,2
56,1
56,0
4294967294,152
4294967294,159
48,11
48,10
48,9
48,8
48,7
48,6
48,5
48,4
48,3
48,2
48,1
48,0
40,7
40,6
40,5
40,4
40,3
40,2
40,1
40,0
32,8
32,7
32,6
32,5
32,4
32,3
32,2
32,1
32,0
24,8
24,7
24,6
24,1
16,5
16,1
8,6
